2 26.2920955354336
2 25.2196058435571
2 26.3478803602917
2 58.2844581337763
2 19.7770166375006
2 29.1900108611567
2 16.9801119581056
2 28.1912350021674
2 24.7816742077977
2 19.2317077135349
2 23.6004491309486
2 24.8822501009388
2 27.4181070054768
2 29.3027218467831
2 19.348409123047
2 25.0564889906962
2 31.492629118514
2 31.2086124468656
2 21.2928067641934
2 29.0165639273253
2 26.6879383764918
2 1.6748200192015
2 29.7672085117183
2 12.8912790036317
2 12.2277809631174
2 20.5684489258692
2 26.5835250301067
2 23.4278464719494
2 25.371105307037
2 19.6455318763064
2 30.6357875544305
2 30.2230098808924
2 29.0267106757958
2 27.3030628177265
2 14.248980379237
2 23.78085855187
2 24.0001202391829
2 30.5735752221742
2 41.2810206566234
2 17.9506518345893
2 30.7038125874686
2 42.8793496895406
2 32.1453517055462
2 6.05516139299927
2 2.19790344936766
2 24.9230276153939
2 26.1159560998829
2 2.83158305232846
2 26.8026392329117
2 16.622865081769
2 25.5536475614774
2 30.5081489050238
2 26.4961788656372
2 23.3672508639701
2 29.2588731926976
2 1.34528447020024
2 30.1506652346223
2 21.0879935459609
2 38.8251085419135
2 32.3587603432026
2 25.979501346962
2 1.88034167385545
2 24.5579664668536
2 20.2493587357537
2 33.0845369752369
2 24.3027105646102
2 14.0616451694494
2 17.7503801272905
2 5.82628020463191
2 41.7604179094113
2 27.1564792322052
2 17.5841421071622
2 30.3310111524719
2 13.1831387809078
2 24.3653484151797
2 30.3483481313171
2 25.1592355541736
2 29.7865233028663
2 18.0833521009153
2 19.5305277153366
2 32.8954264406295
0 11.8471452430443
0 0.1901334257565
0 0.994937090012137
0 5.62281929893935
0 8.52600592586751
0 4.47056284105537
0 3.25678608262465
0 6.21930557483781
0 6.80019257516617
0 3.014773353012
0 4.05280368632542
0 5.13344591273103
0 6.14507294440486
0 12.5423542145908
0 4.81648199894563
0 0.662674951607085
0 6.03109092095434
0 11.2534649505997
0 12.2663512514921
0 3.34858972762293
0 0.49297306183982
0 7.4029682898863
0 4.70422885851161
0 7.99802516278159
0 6.67814484727193
0 5.0032340802615
0 4.54710467351227
0 2.08447173888974
0 8.15140334516779
0 10.8324618629031
0 4.30086830404244
0 2.26648454866253
0 6.5100600974629
0 7.26992441612576
0 3.17767999908962
0 12.126197354091
0 10.5560704456711
0 5.01726573021837
0 7.21910818502637
0 4.6263395790689
0 4.41792563474419
0 0.0888147964717911
0 3.7946624539191
0 16.1336007878681
0 2.76250542313989
0 0
0 7.19636979868362
0 4.16397123606902
0 0.319024308331754
0 11.5918346431533
0 9.57796153949282
0 7.46330503892361
0 12.3354234709261
0 7.10991469214861
0 4.65098970804603
0 12.6388014819021
0 5.96213850552603
0 9.35135914427587
0 3.26170426788494
0 3.8395083918237
0 1.78376418876287
0 7.65616105690157
0 2.0370765492447
0 6.93442551514474
0 3.74608978314174
0 8.40514602191236
0 9.4637575211714
0 7.81727136492113
0 4.86873393058654
0 7.88458489689264
0 3.96194172812499
0 9.70154214176662
5 35.3511694665726
5 21.8531271391923
5 36.2197732485965
5 34.646449058124
5 38.8880527705376
5 49.6407931381495
5 20.6907041349495
5 45.9847206892805
5 35.1640103954509
5 34.2024047990123
5 32.2767487714234
5 34.9443138423637
5 34.7035186652873
5 21.1150356302253
5 46.9834258930925
5 35.5982885229345
5 18.0531113924145
5 20.8963942347243
5 37.9379407597511
5 37.7997720635318
5 15.5694178451064
5 14.4386706078492
5 14.8693709519325
5 36.5710375596967
5 35.7573080421742
5 46.5930700795184
5 36.3504750666756
5 35.2601057488881
5 33.2723295779717
5 38.0619288275486
5 39.8576465358647
5 20.3415905254534
5 18.4528782285686
5 38.1303510069103
5 34.9070725874935
5 21.7192746524258
5 18.3950452285265
5 15.7297024944646
5 49.5651808086473
5 16.4250343863962
5 29.0861912629736
5 15.3802698979583
5 36.6483119003261
5 31.0225212590441
5 15.4996233584794
5 38.4753137580177
5 13.4281719550914
5 35.315084021221
5 35.4822677310231
5 29.3853174651488
5 46.7163139483669
5 33.623945327632
5 30.8844711182598
5 15.3010900130668
5 30.7578121315939
22 40.1002716970712
0 6.5478569864807
22 49.9744772644763
22 60.4921056215511
22 45.8282688084068
22 37.5340143142415
22 51.8858089145139
22 38.5926338629485
22 14.6644690152328
22 50.1536078167407
22 45.1066415503443
22 49.8477939693392
2 27.7622751639083
22 45.6329747456972
2 24.7127883863253
22 43.8416479103361
2 25.0260089550878
2 27.1423075467986
22 62.8910272041558
2 29.4653040663466
22 52.1233471565424
2 24.0271151841624
2 32.6065694289072
22 39.5150052059735
2 23.7381380219702
22 56.1870329124191
20 51.7116423747228
20 63.2532278732564
20 48.8313415042001
20 55.5104497784762
20 55.6048169590471
20 49.4094676887948
2 28.0729729455024
22 52.6936025135832
2 39.367864726174
22 52.6596970455487
2 31.2758241192008
2 26.0747767086059
22 52.5158782171996
2 26.1676240838762
22 46.0970802330682
2 23.94294223653
22 38.5467579974097
2 27.040115855579
2 32.1020900729756
22 48.3786039541615
20 48.0586421848362
20 60.6363314574581
20 60.1898336291359
20 52.3055422654013
2 27.2241361679657
22 53.1179889918155
2 27.5688440487454
22 52.9255675053596
2 20.1426215512744
2 24.4711993578427
22 40.1287400554822
2 32.9600995980961
22 42.6264198581193
2 24.9470053794112
22 44.8371232562368
2 26.9145650703466
22 55.3227213845934
2 34.0571135501266
22 43.9041057864628
20 57.4268955560203
20 55.7334361495451
20 45.2364405559999
2 19.7075106898128
22 39.8831809676585
22 53.7862830466052
22 53.5487117733763
22 48.2520807779906
22 52.073897400682
22 38.3260211392044
20 59.8216395255707
20 50.4250760202106
20 61.633974585722
20 48.7683502160973
20 46.8369968655696
2 34.3456934175149
22 60.2942252468094
2 27.6373636571984
22 43.52583437444
2 39.304927238869
2 34.4497157868239
22 55.1635488052007
2 33.762563340212
22 44.3796530385219
2 20.0341002977477
2 36.4455647696073
2 29.5321234268094
20 62.1714390765889
20 47.9873083022635
20 48.9571743650068
20 55.8681071966567
2 40.0004896360091
22 63.8949122744233
2 23.3408044051088
22 42.5141780429137
2 29.1338996184647
22 60.872304420417
2 23.537139866283
22 53.3356159860703
2 32.5077129922465
22 44.2653412571358
2 27.1948843178488
22 55.4480270393594
2 39.065147802979
22 43.9426346028504
2 26.7401901787296
22 63.4072064167943
20 47.8176598660114
20 62.6686537171717
20 47.1436465086749
20 15.1032162628152
20 48.6783699884759
20 49.1886890301446
2 35.0359298237665
22 39.655837598889
2 24.5900510840272
22 63.4759241758153
2 27.3259223255117
22 55.1088240249358
2 24.2758724148825
22 43.3444579283455
2 29.1518329265774
22 51.6255335482351
2 27.9205455474404
22 44.2977679228356
22 42.0924068617751
20 37.331481604216
20 37.2495085861044
20 52.7807918172268
20 59.7044801972995
20 52.0057586918582
22 46.265039386573
22 43.6722168353795
22 56.0418149276103
22 37.7207393460654
22 42.2364614628491
22 44.9208152099471
22 56.6280289812668
22 63.1577797034775
22 44.6583206485053
22 47.2684208891785
22 46.4071811938892
22 63.0820232905737
22 46.286205611717
22 51.4785281394244
22 62.3206385397023
22 62.3741751959445
22 44.8003449964614
22 63.7747621618231
22 53.0607173367969
22 44.483592699451
22 62.4199159103754
22 51.5667731255818
22 41.6163649093519
22 62.7372026924037
22 63.6723267335015
22 53.1946209751471
22 44.9850307421428
22 38.7688576977024
22 56.9973439454735
